Fecha	         DJIA	         MMM	AAPL	BA	CAT	CVX	CSCO	KO	XOM	DOW	JPM	AXP	WBA	DIS	WMT	MRK	GS	HD	IBM	INTC	JNJ	MCD	MSFT	NKE	RTX	TRV	PG	UNH	V	VZ
febrero-20	25409,36	147,9	272,71	273,48	124,24	92,26	39,93	53,49	50,71	39,75	116,11	109,93	45,36	117,65	107,68	76,56	199,55	217,84	128,8	55,25	133,63	192,96	161,57	89,13	129,97	119,81	113,23	254,96	181,5	54,16
enero-20	29186,41	157,24	308,78	316,39	130,44	105,9	45,63	58,4	61,24	45,32	131,52	129,42	50,41	138,31	114,49	85,44	236,31	228,1	142,24	63,62	147,93	212,64	169,77	96,03	149,49	131,62	123,88	272,45	198,68	58,83
diciembre-19	28538,44	174,84	292,95	323,83	146,65	119,12	47,61	55,35	68,79	53,84	138,51	124,06	58,45	143,77	118,31	90,33	228,53	216,99	132,65	59,56	144,95	196,38	157,27	101,03	149,05	136,12	124,16	292,85	187,63	60,77
noviembre-19	28051,41	166,8	265,82	361,9	143,72	114,65	44,98	53	66,37	51,84	130,92	119,71	58,65	150,68	118,56	86,59	218,77	219,11	131,51	57,45	135,68	192,04	150,46	92,99	146,91	135,89	121,34	278,8	183,94	59,62
octubre-19	27046,23	162,11	247,43	335,94	135,77	113,68	46,81	54,03	65,82	49,04	123,14	116,43	53,9	129,15	116,74	86,07	210,89	233,09	130,8	55,95	130,3	194,23	142,49	89,07	142,19	130,27	122,99	251,73	175,61	59,23
septiembre-19	26916,83	161,53	222,77	376,03	124,45	116,09	48,68	53,64	68,78	46,28	116,01	117,42	54,43	129,54	118,15	83,05	204,82	229,15	142,24	51	127,68	212,02	138,18	93,42	135,2	147	122,86	215,47	171,47	59,12
agosto-19	26403,28	157,45	206,84	357,61	117,25	114,05	46,12	54,24	65,89	40,72	108,29	119,5	49,91	136,44	113,19	85,31	200,28	225,09	131,02	46,6	125,73	214,1	136,56	83,83	128,22	145,29	118,76	232,01	180	56,97
julio-19	26864,27	170,11	211,1	335,1	128,74	119,27	54,24	51,86	71,54	46,28	113,54	123,08	53,13	141,28	109,35	81,88	216,21	211,04	143,31	49,69	127,55	206,98	134,99	85,35	131,53	144,95	115,85	246,89	177,19	53,57
junio-19	26599,96	168,77	196,12	357,53	133,26	120,56	53,58	49,79	73,73	47,11	109,43	122,16	53,31	137,95	109,46	82,18	200,96	203,96	133,31	47,06	136,42	203,98	132,7	83,28	128,18	147,01	107,61	240,87	172,76	55,38
mayo-19	        24815,04	154,21	172,81	333,61	117,15	109,23	50,94	48,04	67,32	44,03	103,71	113,52	47,71	130,45	99,96	77,63	178,43	186,19	121,32	43,03	127,59	193,62	122,07	76,32	123,66	143,12	101	238,69	160,35	52,68
abril-19	26592,91	182,94	198,08	368,84	135,5	115,19	54,43	47,97	76,36	53,42	112,73	115,61	51,8	135,32	101,34	77,14	201,34	199,78	134,01	49,87	137,36	192,94	128,89	86,89	139,63	141,33	103,77	230,07	163,43	54,87
marzo-19	25928,68	200,58	187,5	372,49	131,68	118,18	52,53	45,42	76,86	48,61	98,33	107,79	61,18	109,69	95,59	80,96	187,72	186,8	134,8	52,47	135,99	185,44	116,4	83,1	126,19	134,06	101,4	243,15	155,24	56,73
febrero-19	   25916	198,83	170,18	427,51	133,48	113,58	50,37	43,95	74,35		101,37	106,25	68,42	111,48	97,02	79,13	191,56	180,23	130,45	51,42	132,05	178,39	110,1	84,6	122,31	129,91	96,04	238,19	146,96	54,61
enero-19	24999,67	192,03	163,59	374,71	128,59	108,9	45,66	46,65	68,94		99,73	100,87	69,44	110,17	93,93	72,46	192,83	178,66	126,94	45,75	128,61	173,48	102,63	80,8	114,92	122,71	93,28	265,71	133,96	52,28
diciembre-18	23327,46	182,67	155,04	313,37	122,71	103,33	41,83	45,9	64,15		94,06	93,62	65,67	107,49	90,81	73,87	162,68	167,26	107,35	45,56	124,72	172,31	99,82	73,16	103,64	116,33	88,88	244,98	130,91	53,38
noviembre-18	25538,46	197,99	174,91	335,4	131,01	111,88	46,21	48,47	74,04		107,14	110,27	80,93	113,22	95,19	76,7	184,95	174,5	115,88	47,57	141,07	181,8	108,51	73,91	117,91	126,64	91,38	275,8	140,35	57,26
octubre-18	25115,76	181,17	214,36	343,23	116,41	105,02	43,87	46,05	74,21		104,31	100,53	76,25	112,57	97,76	71,16	218,59	170,2	107,64	45,23	134,43	170,6	104,52	73,83	120,2	121,55	84,99	256,19	136,53	53,62
septiembre-18	26458,31	200,64	221,1	359,71	146,32	115,02	46,65	44,05	79,18		107,97	104,21	69,68	114,64	91,55	68,11	217,49	200,46	141	45,63	132,69	161,34	111,91	83,35	135,3	125,27	79,77	259,91	148,65	50,14
agosto-18	25964,82	199,5	222,17	329,93	133,23	110,37	45,81	42,5	73,9		109,63	103,71	65,12	109,82	92,91	65,86	229,9	193,29	135,13	46,44	128,49	155,49	109,5	80,67	126,77	127,1	79,5	262,27	145,26	51,06
julio-18	25415,19	200,83	185,73	342,93	137,14	117,65	40,24	44,47	75,14		109,39	97,04	64,23	110,44	86,48	63,25	229,53	190,16	133,7	46,13	126,42	150,99	103,4	75,48	130,66	125,69	76,82	247,38	135,23	47,94
junio-18	24271,41	186,07	180,67	322,92	129,39	117,8	40,94	41,45	76,26		99,16	95,56	57,01	101,93	83,01	57,83	213,23	187,83	128,88	47,67	115,75	149,23	96,12	77,98	120,35	117,45	74,14	238,84	130,98	46,71
mayo-18  	24415,84	185,29	181,69	337,26	144,88	114,81	40,64	40,64	74,14		101,84	95,85	58,9	96,74	79,5	56,72	217,59	178,6	128,93	52,63	113,27	152,39	95,93	70,27	119,48	123,38	69,5	235,11	129,06	44,26
abril-18	24163,15	182,62	160,68	319,45	136,99	115,56	41,81	40,84	70,95		103	95,93	62,73	97,57	85,2	56,09	229,59	176,93	132,26	49,22	119,78	159,47	90,77	66,93	115,01	126,34	68,08	230,13	125,27	45,25
marzo-18	24103,11	206,23	163,13	314,01	139,85	105,34	40,49	40,69	68,09		104,13	90,62	61,81	97,68	85,18	51,45	242,62	169,68	139,99	49,66	121,35	148,93	88,58	64,83	120,43	132,62	74,61	207,64	118,11	43,84
febrero-18	 25029,2	219,95	172,48	345,18	146,73	102,36	42,27	40,49	68,42		109,36	94,73	64,65	100,32	86,18	51,21	252,57	173,52	140,79	46,68	122,2	149,28	90,58	65,41	128,26	132,75	73,89	219,44	121,17	43,77
enero-18	26149,39	233,95	162,13	337,71	153,75	114,64	38,92	44,59	78,86		108,96	96,22	70,63	105,68	102,06	55,96	257,34	191,25	147,9	45,59	130,02	161,97	91,78	66,57	131,37	143,18	80,64	229,74	122,44	49,02
diciembre-17	24719,22	219,82	163,87	281,05	148,84	114,5	35,89	42,98	75,56		100,73	96,14	68,16	103,72	94,05	52,7	244,73	180,43	138,62	43,72	131,46	162,89	82,63	60,83	121,44	128,85	85,81	213,91	112,38	47,98
noviembre-17	24272,35	225,94	165,81	262,38	133,32	107,82	34,95	42,53	74,55		98,45	94,59	67,89	101,12	92,6	51,76	237,14	170,32	133,4	42,22	130,3	161,79	80,9	58,76	111,55	128,78	84,05	220,64	110,77	46,13
octubre-17	23377,24	213,91	163,1	244,54	127,51	105,01	31,72	42,73	74,6		94,22	92,11	61,84	94,36	83,15	51,6	232,2	157,02	137,82	42,83	130,37	157,03	79,95	53,48	113,32	125,82	80,04	203,29	108,21	42,88
septiembre-17	22405,09	195,05	148,7	240,96	117,09	106,47	31,24	41,5	73,38	66,65	89,44	87,23	72,06	95,09	74,42	59,54	227,13	154,92	129,78	35,85	121,58	147,4	71,6	50,43	109,84	115,67	84,34	188,67	103,54	44,33
agosto-17	 21948,1	188,78	157,62	225,83	110,32	96,54	29,92	41,99	67,66	66,65	85,12	83,03	75,67	97,63	73,89	59,38	213,53	141,12	126,61	32,77	123,01	149,61	71,49	51,18	112,6	114,41	85,54	191,61	101,69	42,97
julio-17	21891,12	185,87	142,94	228,46	106,23	97,95	28,94	42,26	70,95	64,24	85,5	81,88	74,9	105,27	75,71	59,4	215,04	140,86	128,06	33,15	123,33	145,09	69,51	57,23	111,52	120,93	83,54	184,78	97,8	42,79
junio-17	21349,63	192,36	138,42	186,34	100,18	93,59	28,81	41,01	71,57	63,07	85,13	80,93	72,71	101,75	71,63	59,16	211,77	144,44	136,17	31,53	122,93	142,35	65,9	56,99	114,85	118,76	80,16	177,89	92,12	39,49
mayo-17	        21008,65	187,8	146,21	175,46	98,28	91,89	29,02	41,58	70,69	61,96	76,51	73,92	74,9	103,37	73,9	60,1	200,94	143,72	133,8	33,49	118,39	140,24	66,39	51,18	113,45	117,19	81,03	168,07	93,38	41,24
abril-17	20940,51	179,86	137,49	172,84	94,54	94,75	31,08	39,46	71,7	62,8	80,1	75,82	80	110,7	70,68	57,53	212,87	146,14	140,52	33,53	113,98	130,05	65,08	53,52	111,31	114,19	79,72	167,78	89,45	40,11
marzo-17	20663,22	175,73	137,5	165,39	85,76	95,35	30,84	38,47	72,02	63,54	80,88	75,69	76,77	108,58	67,27	58,23	218,5	136,63	152,66	33,46	114,98	120,46	62,61	53,66	104,96	112,52	82,02	156,77	87,14	42,6
febrero-17	20812,24	170,05	130,55	167,1	89,37	98,96	31,19	38,03	70,77	62,26	83,44	76,6	79,49	105,42	66,2	60,37	235,33	134,84	156,4	33,34	112,08	117,77	60,46	55,04	104,66	114,11	83,13	158,08	86,07	43,36
enero-17	19864,09	159,53	115,65	151,51	87,71	97,95	27,79	37,68	73	59,63	77,49	72,77	75,41	105,96	62,29	56,81	217,55	128,02	151,79	33,91	103,86	113,09	61,09	50,94	101,98	109,94	79,34	154,94	80,95	42,37
diciembre-16	 19762,6	162,88	110,38	144,34	85,04	103,53	27,34	38,07	78,55	57,22	78,28	70,58	76,16	99,04	64,05	53,54	227,16	124,77	144,37	33,4	105,66	112,3	58,72	49,62	101,93	113,62	76,15	152,97	76,36	46,15
noviembre-16	19123,58	155,72	104,79	137,47	87,62	97,16	26,98	36,27	75,3	55,72	73,41	68,63	77,62	94,19	65,27	55,65	207,39	119,78	139,83	31,72	101,37	109,19	56,56	48,04	99,55	105,2	74,68	150,73	75,51	43,14
octubre-16	18142,42	149,88	107,65	130,04	75,86	91,23	27,53	38,11	71,87	53,81	62,96	62,96	75,78	88,08	64,89	53,4	168,57	112,93	132,47	31,87	105,64	103,06	56,24	48,14	94,45	100,4	78,01	134,55	80,58	41,12
septiembre-16	18308,15	159,79	107,19	120,28	80,68	89,63	28,46	37,73	75,29	51,83	60,53	60,71	73,85	88,24	66,83	56,35	152,52	119,11	136,92	34,51	107,59	105,61	54,06	50,37	93,9	105,72	80,66	132,67	80,77	44,43
agosto-16	18400,88	161,51	100,06	117,22	74,48	86,68	28,21	38,72	74,53	53,64	61,36	62,17	73,6	89,77	65,75	56,69	159,64	123,51	135,77	32,56	107,97	105,07	53,6	55,15	97,77	109,56	78,47	128,93	78,87	44,73
julio-16	18432,24	160,72	98,27	121,03	74,5	88,32	27,14	38,9	76,08	53,67	57,7	61,1	72,27	90,52	67,16	52,96	149,61	127,3	137,26	31,62	113,3	106,88	52,87	53,1	98,89	107,26	76,32	135,71	76,09	46,89
junio-16	17929,99	157,8	90,15	117,6	68,25	90,34	25,51	40,11	80,18	49,71	56,05	57,31	75,93	92,29	67,21	51,59	139,97	117,59	129,71	29,76	109,75	108,52	47,73	52,66	94,2	109,22	75,5	133,2	72,31	47,25
mayo-16	         17787,2	150,67	93,6	113,31	65,28	86,13	25,83	39,46	75,5	51,36	58,88	62,02	70,26	93,61	64,67	50,38	149,62	121,04	128,89	28,41	101,23	110,08	49,09	52,68	91,78	104,72	72,27	126,1	76,83	43,07
abril-16	17773,64	149,83	87,86	121,08	69,29	87,14	24,22	39,64	74,98	52,61	56,59	61,42	71,96	97,42	61,1	49,11	153,97	122,66	122,35	27,23	100,68	114,07	46,19	56,23	95,24	100,83	70,87	124,22	75,17	42,66
marzo-16	17685,09	149,16	102,16	114,02	68,24	81,36	25,08	40,73	70,9	50,86	53,03	57,63	76,47	93,69	62,12	46,97	147,28	121,57	126,97	29,1	97,2	113,34	51,16	58,49	91,34	106,49	72,8	121,1	74,43	45,29
febrero-16	 16516,5	139,41	90,14	105,18	60,36	70,27	23,07	37,86	67,37	48,61	50,41	52,17	71,32	90,12	60,17	44,57	139,68	113,09	108,74	26,38	93,83	104,89	46,79	58,61	87,52	98,11	71,02	111,89	70,17	42,48
enero-16	 16466,3	134,19	90,75	106,91	54,1	72,82	20,8	37,68	65,44	42	52,92	50	72,02	90,4	60,19	44,98	150,92	114,59	103,56	27,66	93,15	110,79	50,67	59,01	79,43	97,67	71,63	108,19	72,2	41,34
diciembre-15	17425,03	133,87	98,13	128,68	59,07	75,76	23,74	37,71	65,52	51,48	58,73	65	76,94	98,51	55,13	46,49	168,36	119,97	114,21	30,71	91,61	105,74	51,02	59,18	87,02	102,42	69,63	110,05	75,17	38,23
noviembre-15	17719,92	138,25	109,82	128,65	63,15	75,98	23,82	37,13	68,04	52,13	59,31	66,95	75,58	106,37	52,92	46,66	176,9	121,45	114,63	30,78	89,63	101,38	49,65	62,63	86,44	103,98	65,62	105,44	76,45	37,6
octubre-15	17663,54	138,8	110,93	130,97	62,74	75,61	25,02	36,9	68,94	51,67	56,74	68,21	76,17	106,62	51,48	48,11	174,55	112,16	115,17	29,98	89,45	99,69	48,09	62,04	88,57	102,45	66,38	110,18	75,06	38,28
septiembre-15	 16284,7	125,17	102,39	115,82	56,18	65,63	22,76	34,65	61,95	42,4	53,84	69,02	74,75	95,81	58,32	43,1	161,76	104,23	119,19	26,68	82,65	87,5	40,43	57,93	80,09	89,76	62,52	108,06	67,4	35,53
agosto-15	16528,03	124,63	104,35	114,85	65,04	66,54	22,44	33,96	62,11	43,76	56,6	71,43	77,55	95,51	57,83	46,99	175,54	105,11	120,59	25,06	82,57	85,68	39,5	52,64	81,91	91,45	61,42	107,77	68,88	37,57
julio-15	17689,86	132,7	112,09	126,71	66,97	72,7	24,46	35,48	65,39	47,06	60,12	70,81	86,58	111,84	64,3	51,45	190,26	105,62	132,09	25,42	88,05	87,91	42,38	54,28	89,69	95,71	66,12	113,08	72,78	37,77
junio-15	17619,51	135,29	115,91	121,92	72,24	79,26	23,63	33,61	68,69	51,17	59,45	72,09	75,66	106,38	63,36	49,3	193,71	99,77	132,63	26,71	85,63	83,69	40,07	50,89	99,19	86,64	67,44	113,16	64,87	37,62
mayo-15	        18010,68	138,61	119,89	122,71	72,67	83,79	25,22	35,09	69,76	52,07	57,71	73,95	76,61	102,87	65,93	52,73	190,7	100,03	136,24	30,04	87,35	83,72	42,25	47,63	104,19	90,64	67,57	111,49	66,23	39,9
abril-15	17840,52	164,95	115,17	125,18	73,39	90,35	24,81	34,75	71,54	51	55,13	71,84	74,01	101,33	69,29	51,58	181,66	96,04	137,56	28,37	86,53	84,26	43,86	46,31	101,15	90,63	67,99	103,32	63,69	40,26
marzo-15	17776,12	136,26	114,51	131,06	67,6	85,4	23,51	34,45	69,6	47,98	52,8	72,22	75,57	97,76	72,58	49,38	173,85	101,47	128,9	27,26	87,75	85,04	36,66	47,01	104,22	96,43	70,07	109,35	63,08	38,81
febrero-15	 18132,7	146,04	117,75	130,93	70,03	85,94	25,2	36,79	71,95	49,24	53,41	75,43	73,83	97	74,06	50,29	174,98	102,49	129,15	28,78	88,79	85,57	39,26	45,24	107,83	95,81	72,8	105,04	64,93	39,47
enero-15	17164,95	140,54	107,39	126,17	67	82,6	22,37	34,98	71,04	45,16	47,09	74,38	65,54	84,78	74,99	51,79	158,96	93,26	122,26	28,6	86,74	79,98	36,17	42,97	101,52	91,69	71,57	98,22	61,01	36,05
